N=1500. Shedule:guided, Chunksize: 4 Number of threads:4
17
16
10
14
10
10
9
18
9
12
10
17
20
20
28
20
20
24
19
19
20
24
42
45
42
39
39
42
42
39
44
49
39
77
65
69
69
76
68
66
68
66
65
68
98
103
103
96
103
98
97
101
102
101
170
136
138
137
136
131
136
134
141
134
132
135
182
172
176
199
217
172
181
175
193
177
193
277
278
237
272
285
224
260
239
273
256
237
312
282
311
339
307
273
270
379
285
305
299
352
334
450
349
389
385
362
349
460
404
376
427
481
423
424
431
470
446
502
419
436
401


N:
750
2175
3600
5025
6450
7875
9300
10725
12150
13575
15000