
153900 588

286800 1141

419700 1651

552600 2152

685500 2776

818400 3130

951300 3617

1084200 4142

1217100 4634

1350000 5077

153900 598

286800 1155

419700 1643

552600 2158

685500 2660

818400 3184

951300 3645

1084200 4132

1217100 4622

1350000 5125

153900 625

286800 1186

419700 1732

552600 2158

685500 2675

818400 3109

951300 3657

1084200 4116

1217100 4633

1350000 5120

153900 770

286800 1359

419700 1917

552600 2429

685500 2941

818400 3383

951300 3885

1084200 4407

1217100 4893

1350000 5354

153900 610

286800 1182

419700 1686

552600 2162

685500 2652

818400 3124

951300 3633

1084200 4148

1217100 4606

1350000 5093
